Optimal Allocation in test7
[1.0, 0, 1.0, 0, 1.0, 0, 0, 0, 1.0, 0, 0, 1.0, 1.0, 0, 1.0, 1.0, 1.0, 0, 1.0, 1.0, 0, 0, 0, 1.0, 0, 0, 0, 0, 0, 0, 1.0, 1.0, 0, 0, 0, 1.0, 0, 0, 1.0, 0, 0, 0, 0, 1.0, 1.0, 1.0, 0, 1.0, 1.0, 0, 0, 0, 1.0, 1.0, 0, 1.0, 0, 1.0, 1.0, 0, 0, 0, 0, 1.0, 0, 0, 1.0, 1.0, 1.0, 1.0, 1.0, 0, 1.0, 0, 0, 1.0, 1.0, 0, 0, 1.0, 0, 1.0, 0, 1.0, 0, 0, 0, 0, 1.0, 1.0, 0, 1.0, 0, 0, 1.0, 1.0, 1.0, 0, 1.0, 0, 1.0, 0, 1.0, 0, 0, 0, 0, 1.0, 1.0, 1.0, 1.0, 0, 1.0, 1.0, 0, 1.0, 0, 1.0, 0, 1.0, 1.0, 0, 1.0, 1.0, 1.0, 1.0, 1.0, 1.0, 0, 0, 0, 0, 1.0, 1.0, 0, 1.0, 0, 0, 0, 1.0, 1.0, 0, 1.0, 0, 0, 0, 1.0, 0, 1.0, 1.0, 0.8193979933110552, 0, 1.0, 1.0, 0, 0, 0, 1.0, 0, 0, 1.0, 1.0, 0, 0, 1.0, 1.0, 1.0, 1.0, 1.0, 1.0, 1.0, 1.0, 1.0, 0, 1.0, 1.0, 1.0, 1.0, 0, 0, 1.0, 1.0, 0, 1.0, 1.0, 1.0, 1.0, 0, 0, 0, 0, 1.0, 0, 1.0, 0, 1.0, 1.0, 1.0, 1.0, 0]

[1.0, 0, 1.0, 0, 1.0, 0, 0, 0, 1.0, 0, 0, 1.0, 1.0, 1.0, 1.0, 1.0, 1.0, 0, 1.0, 1.0, 0, 0, 0, 1.0, 0, 0, 0, 0, 0, 0, 1.0, 1.0, 0, 0, 0, 1.0, 0, 0, 1.0, 1.0, 0, 0, 0, 1.0, 1.0, 1.0, 0, 1.0, 1.0, 0, 0, 0, 1.0, 1.0, 0, 1.0, 0, 1.0, 1.0, 0, 0, 0, 1.0, 1.0, 0, 0, 1.0, 1.0, 1.0, 1.0, 1.0, 0, 1.0, 0, 0, 1.0, 1.0, 0, 0, 1.0, 0, 1.0, 0, 1.0, 0, 0, 1.0, 0, 1.0, 1.0, 0, 1.0, 0, 0, 1.0, 1.0, 1.0, 0, 1.0, 0, 1.0, 0, 1.0, 0, 0, 0, 0, 1.0, 1.0, 1.0, 1.0, 0, 1.0, 1.0, 0, 1.0, 0, 1.0, 0, 1.0, 1.0, 0, 1.0, 1.0, 1.0, 1.0, 1.0, 1.0, 0, 1.0, 0, 0, 1.0, 1.0, 0, 1.0, 0, 0, 0, 1.0, 1.0, 0, 1.0, 0, 0, 0, 1.0, 0, 1.0, 1.0, 1.0, 0, 1.0, 1.0, 0, 0, 0, 1.0, 0, 0, 1.0, 1.0, 0, 0, 1.0, 1.0, 1.0, 1.0, 1.0, 1.0, 1.0, 1.0, 1.0, 0, 1.0, 1.0, 1.0, 1.0, 0, 0, 1.0, 1.0, 0, 1.0, 1.0, 1.0, 1.0, 0, 0, 0, 0, 1.0, 1.0, 1.0, 0, 1.0, 1.0, 1.0, 1.0, 0.8088411715072659]

for i in range(len(a)):
	if(a[i]!=b[i]):
		print(i,a[i],b[i])

filename = './Variables/correct_'+suffix
with open(filename, 'rb') as f:
    regret = pickle.load(f)